Best Solution Found: (937)
01 02 03 04 06 05 07 08 09 10 14 15 12 13 11 16 19 20 18 17 21 22 26 23 24 25 01

Best Nearest Neighbor: (937)
04 06 05 07 08 09 10 14 15 13 12 11 16 19 20 18 17 21 22 26 23 24 25 01 02 03 04	
07 08 09 10 14 15 13 12 11 16 19 20 18 17 21 22 26 23 24 25 01 02 03 04 06 05 07	
09 10 14 15 13 12 11 16 19 20 18 17 21 22 26 23 24 25 01 02 03 04 06 05 07 08 09

01 02 = 83
02 03 = 40
03 04 = 42
04 06 = 11
06 05 = 9
05 07 = 35
07 08 = 26
08 09 = 37
09 10 = 22
10 14 = 20
14 15 = 15
15 12 = 31
12 13 = 11
13 11 = 11
11 16 = 42
16 19 = 26
19 20 = 13
20 18 = 29
18 17 = 22
17 21 = 30
21 22 = 26
22 26 = 27
26 23 = 58
23 24 = 51
24 25 = 93
25 01 = 127