Best Solution Found : (19043)
01 05 17 41 29 14 46 10 30 47 15 42 40 03 22 12 37 04 28 44 02 26 35 33 18 45 08 11 39 43 23 16 31 38 20 49 34 32 09 21 19 07 36 50 24 06 27 25 48 13 01

01 05 = 257
05 17 = 395
17 41 = 139
41 29 = 415
29 14 = 795
14 46 = 196
46 10 = 74
10 30 = 1359
30 47 = 449
47 15 = 363
15 42 = 404
42 40 = 236
40 03 = 213
03 22 = 392
22 12 = 256
12 37 = 779
37 04 = 152
04 28 = 13
28 44 = 732
44 02 = 516
02 26 = 566
26 35 = 104
35 33 = 124
33 18 = 96
18 45 = 308
45 08 = 214
08 11 = 73
11 39 = 286
39 43 = 574
43 23 = 731
23 16 = 79
16 31 = 429
31 38 = 247
38 20 = 498
20 49 = 95
49 34 = 1097
34 32 = 891
32 09 = 224
09 21 = 196
21 19 = 537
19 07 = 326
07 36 = 256
36 50 = 52
50 24 = 669
24 06 = 131
06 27 = 337
27 25 = 1263
25 48 = 277
48 13 = 12
13 01 = 216